(1000;3.0,3.0,100;c1;1.0,1.0)
(1000;3.0,3.0,101;c1;1.1,1.2)
(1000;3.0,3.0,102;c1;1.2,1.0)
(1000;3.0,3.0,103;c1;1.6,1.5)
(1000;3.0,3.0,104;c1;1.3,1.7)
(1000;3.0,3.0,105;c1;2.0,2.1)
(1000;3.0,3.0,106;c1;2.0,2.2)
(1000;3.0,3.0,107;c1;2.3,2.3)
(1000;3.0,3.0,208;c2;9.0,9.0)
(1000;3.0,3.0,209;c2;9.1,9.2)
(1000;3.0,3.0,210;c2;9.2,9.0)
(1000;3.0,3.0,211;c2;10.6,10.5)
(1000;3.0,3.0,212;c2;10.3,10.7)
(1000;3.0,3.0,213;c2;9.6,9.1)
(1000;3.0,3.0,214;c2;9.4,10.4)
(1000;3.0,3.0,215;c2;10.3,10.3)
(1000;3.0,3.0,300;c3;10.0,1.0)
(1000;3.0,3.0,301;c3;10.1,1.2)
(1000;3.0,3.0,302;c3;10.2,1.0)
(1000;3.0,3.0,303;c3;10.6,1.5)
(1000;3.0,3.0,304;c3;10.3,1.7)
(1000;3.0,3.0,305;c3;1.0,2.1)
(1000;3.0,3.0,306;c3;10.0,2.2)
(1000;3.0,3.0,307;c3;10.3,2.3)
(1001;10.1,3.2,100;c1;1.0,1.0)
(1001;10.1,3.2,101;c1;1.1,1.2)
(1001;10.1,3.2,102;c1;1.2,1.0)
(1001;10.1,3.2,103;c1;1.6,1.5)
(1001;10.1,3.2,104;c1;1.3,1.7)
(1001;10.1,3.2,105;c1;2.0,2.1)
(1001;10.1,3.2,106;c1;2.0,2.2)
(1001;10.1,3.2,107;c1;2.3,2.3)
(1001;10.1,3.2,208;c2;9.0,9.0)
(1001;10.1,3.2,209;c2;9.1,9.2)
(1001;10.1,3.2,210;c2;9.2,9.0)
(1001;10.1,3.2,211;c2;10.6,10.5)
(1001;10.1,3.2,212;c2;10.3,10.7)
(1001;10.1,3.2,213;c2;9.6,9.1)
(1001;10.1,3.2,214;c2;9.4,10.4)
(1001;10.1,3.2,215;c2;10.3,10.3)
(1001;10.1,3.2,300;c3;10.0,1.0)
(1001;10.1,3.2,301;c3;10.1,1.2)
(1001;10.1,3.2,302;c3;10.2,1.0)
(1001;10.1,3.2,303;c3;10.6,1.5)
(1001;10.1,3.2,304;c3;10.3,1.7)
(1001;10.1,3.2,305;c3;1.0,2.1)
(1001;10.1,3.2,306;c3;10.0,2.2)
(1001;10.1,3.2,307;c3;10.3,2.3)
(1003;2.7,2.7,100;c1;1.0,1.0)
(1003;2.7,2.7,101;c1;1.1,1.2)
(1003;2.7,2.7,102;c1;1.2,1.0)
(1003;2.7,2.7,103;c1;1.6,1.5)
(1003;2.7,2.7,104;c1;1.3,1.7)
(1003;2.7,2.7,105;c1;2.0,2.1)
(1003;2.7,2.7,106;c1;2.0,2.2)
(1003;2.7,2.7,107;c1;2.3,2.3)
(1003;2.7,2.7,208;c2;9.0,9.0)
(1003;2.7,2.7,209;c2;9.1,9.2)
(1003;2.7,2.7,210;c2;9.2,9.0)
(1003;2.7,2.7,211;c2;10.6,10.5)
(1003;2.7,2.7,212;c2;10.3,10.7)
(1003;2.7,2.7,213;c2;9.6,9.1)
(1003;2.7,2.7,214;c2;9.4,10.4)
(1003;2.7,2.7,215;c2;10.3,10.3)
(1003;2.7,2.7,300;c3;10.0,1.0)
(1003;2.7,2.7,301;c3;10.1,1.2)
(1003;2.7,2.7,302;c3;10.2,1.0)
(1003;2.7,2.7,303;c3;10.6,1.5)
(1003;2.7,2.7,304;c3;10.3,1.7)
(1003;2.7,2.7,305;c3;1.0,2.1)
(1003;2.7,2.7,306;c3;10.0,2.2)
(1003;2.7,2.7,307;c3;10.3,2.3)
(1004;5.0,5.0,100;c1;1.0,1.0)
(1004;5.0,5.0,101;c1;1.1,1.2)
(1004;5.0,5.0,102;c1;1.2,1.0)
(1004;5.0,5.0,103;c1;1.6,1.5)
(1004;5.0,5.0,104;c1;1.3,1.7)
(1004;5.0,5.0,105;c1;2.0,2.1)
(1004;5.0,5.0,106;c1;2.0,2.2)
(1004;5.0,5.0,107;c1;2.3,2.3)
(1004;5.0,5.0,208;c2;9.0,9.0)
(1004;5.0,5.0,209;c2;9.1,9.2)
(1004;5.0,5.0,210;c2;9.2,9.0)
(1004;5.0,5.0,211;c2;10.6,10.5)
(1004;5.0,5.0,212;c2;10.3,10.7)
(1004;5.0,5.0,213;c2;9.6,9.1)
(1004;5.0,5.0,214;c2;9.4,10.4)
(1004;5.0,5.0,215;c2;10.3,10.3)
(1004;5.0,5.0,300;c3;10.0,1.0)
(1004;5.0,5.0,301;c3;10.1,1.2)
(1004;5.0,5.0,302;c3;10.2,1.0)
(1004;5.0,5.0,303;c3;10.6,1.5)
(1004;5.0,5.0,304;c3;10.3,1.7)
(1004;5.0,5.0,305;c3;1.0,2.1)
(1004;5.0,5.0,306;c3;10.0,2.2)
(1004;5.0,5.0,307;c3;10.3,2.3)
(1005;13.1,2.2,100;c1;1.0,1.0)
(1005;13.1,2.2,101;c1;1.1,1.2)
(1005;13.1,2.2,102;c1;1.2,1.0)
(1005;13.1,2.2,103;c1;1.6,1.5)
(1005;13.1,2.2,104;c1;1.3,1.7)
(1005;13.1,2.2,105;c1;2.0,2.1)
(1005;13.1,2.2,106;c1;2.0,2.2)
(1005;13.1,2.2,107;c1;2.3,2.3)
(1005;13.1,2.2,208;c2;9.0,9.0)
(1005;13.1,2.2,209;c2;9.1,9.2)
(1005;13.1,2.2,210;c2;9.2,9.0)
(1005;13.1,2.2,211;c2;10.6,10.5)
(1005;13.1,2.2,212;c2;10.3,10.7)
(1005;13.1,2.2,213;c2;9.6,9.1)
(1005;13.1,2.2,214;c2;9.4,10.4)
(1005;13.1,2.2,215;c2;10.3,10.3)
(1005;13.1,2.2,300;c3;10.0,1.0)
(1005;13.1,2.2,301;c3;10.1,1.2)
(1005;13.1,2.2,302;c3;10.2,1.0)
(1005;13.1,2.2,303;c3;10.6,1.5)
(1005;13.1,2.2,304;c3;10.3,1.7)
(1005;13.1,2.2,305;c3;1.0,2.1)
(1005;13.1,2.2,306;c3;10.0,2.2)
(1005;13.1,2.2,307;c3;10.3,2.3)
(1006;12.7,12.7,100;c1;1.0,1.0)
(1006;12.7,12.7,101;c1;1.1,1.2)
(1006;12.7,12.7,102;c1;1.2,1.0)
(1006;12.7,12.7,103;c1;1.6,1.5)
(1006;12.7,12.7,104;c1;1.3,1.7)
(1006;12.7,12.7,105;c1;2.0,2.1)
(1006;12.7,12.7,106;c1;2.0,2.2)
(1006;12.7,12.7,107;c1;2.3,2.3)
(1006;12.7,12.7,208;c2;9.0,9.0)
(1006;12.7,12.7,209;c2;9.1,9.2)
(1006;12.7,12.7,210;c2;9.2,9.0)
(1006;12.7,12.7,211;c2;10.6,10.5)
(1006;12.7,12.7,212;c2;10.3,10.7)
(1006;12.7,12.7,213;c2;9.6,9.1)
(1006;12.7,12.7,214;c2;9.4,10.4)
(1006;12.7,12.7,215;c2;10.3,10.3)
(1006;12.7,12.7,300;c3;10.0,1.0)
(1006;12.7,12.7,301;c3;10.1,1.2)
(1006;12.7,12.7,302;c3;10.2,1.0)
(1006;12.7,12.7,303;c3;10.6,1.5)
(1006;12.7,12.7,304;c3;10.3,1.7)
(1006;12.7,12.7,305;c3;1.0,2.1)
(1006;12.7,12.7,306;c3;10.0,2.2)
(1006;12.7,12.7,307;c3;10.3,2.3)
