 1 18 0 4 4 2 0 1 0 1 4 3 4 6
 1 17 0 1 1 2 0 0 0 1 5 3 3 4
 1 15 0 1 1 2 3 1 0 1 4 3 2 10
 1 15 0 4 2 3 0 0 1 1 3 2 2 2
 1 16 0 3 3 2 0 0 0 1 4 3 2 4
 0 16 0 4 3 2 0 0 1 1 5 4 2 10
 0 16 0 2 2 2 0 0 0 1 4 4 4 0
 1 17 0 4 4 2 0 1 0 1 4 1 4 6
 0 15 0 3 2 2 0 0 0 1 4 2 2 0
 0 15 0 3 4 2 0 0 1 1 5 5 1 0
 1 15 0 4 4 2 0 0 0 1 3 3 3 0
 1 15 0 2 1 3 0 0 1 1 5 2 2 4
 0 15 0 4 4 1 0 0 1 1 4 3 3 2
 0 15 0 4 3 2 0 0 0 1 5 4 3 2
 0 15 0 2 2 3 0 0 0 1 4 5 2 0
 1 16 0 4 4 1 0 0 0 1 4 4 4 4
 1 16 0 4 4 3 0 0 1 1 3 2 3 6
 1 16 0 3 3 2 0 1 1 1 5 3 2 4
 0 17 0 3 2 1 3 0 1 1 5 5 5 16
 0 16 0 4 3 1 0 0 1 1 3 1 3 4
 0 15 0 4 3 2 0 0 0 1 4 4 1 0
 0 15 0 4 4 1 0 0 0 1 5 4 2 0
 0 16 0 4 2 2 0 0 1 1 4 5 1 2
 0 16 0 2 2 2 0 0 1 1 5 4 4 0
 1 15 1 2 4 3 0 1 1 1 4 3 2 2
 1 16 0 2 2 1 2 0 0 1 1 2 2 14
 0 15 0 2 2 1 0 0 0 1 4 2 2 2
 0 15 0 4 2 1 0 0 0 1 2 2 4 4
 0 16 0 3 4 2 0 1 1 1 5 3 3 4
 0 16 0 4 4 2 0 0 1 1 4 4 5 16
 0 15 0 4 4 2 0 0 0 1 5 4 2 0
 0 15 0 4 4 2 0 0 1 1 4 3 1 0
 0 15 1 4 3 2 0 0 1 1 4 5 2 0
 0 15 0 3 3 2 0 0 1 1 5 3 2 0
 0 16 0 3 2 1 0 0 0 1 5 4 3 0
 1 15 0 2 3 1 0 0 1 1 3 5 1 0
 0 15 0 4 3 3 0 0 1 1 5 4 3 2
 0 16 1 4 4 3 0 0 1 1 2 4 3 7
 1 15 1 3 4 3 0 1 1 1 4 3 2 2
 1 15 1 2 2 1 0 1 1 1 4 3 1 8
 1 16 0 2 2 2 1 0 1 1 3 3 3 25
 0 15 0 4 4 1 0 0 0 1 5 4 3 8
 0 15 0 4 4 2 0 0 1 1 4 3 3 2
 0 15 0 2 2 1 0 1 0 1 5 4 1 0
 1 16 0 2 2 2 1 1 1 1 4 3 3 14
 1 15 0 4 3 2 0 1 1 1 5 2 2 8
 1 16 0 3 3 2 0 0 0 1 2 3 5 12
 0 16 0 4 3 4 0 0 1 1 4 2 2 4
 0 15 0 4 2 2 0 0 0 1 4 3 3 2
 1 15 0 4 4 2 1 1 1 1 4 4 4 2
 1 16 0 2 2 2 0 0 0 1 4 3 3 2
 1 15 0 4 2 2 0 0 0 1 4 3 3 2
 0 15 0 4 2 1 1 0 0 1 5 5 5 6
 1 15 0 4 4 1 0 1 0 1 3 3 4 0
 1 15 0 3 3 1 0 0 0 1 5 3 4 6
 1 16 0 2 1 2 0 0 1 1 5 3 4 8
 1 15 0 4 3 2 0 0 1 1 4 3 2 0
 0 15 0 4 4 2 0 0 1 1 3 2 2 4
 0 15 0 1 2 2 0 1 1 1 4 3 2 2
 1 16 0 4 2 2 0 0 0 1 4 2 3 2
 1 16 1 4 4 2 0 0 1 1 2 4 4 6
 1 16 0 1 1 1 0 1 1 1 5 5 5 6
 1 16 0 1 2 2 0 1 1 1 4 4 3 4
 1 16 0 4 3 3 0 1 1 1 3 4 4 2
 1 15 0 4 3 2 0 1 1 1 4 4 4 0
 1 16 0 4 3 2 0 0 1 1 5 4 3 2
 0 15 0 4 4 4 0 0 1 1 1 3 3 4
 1 16 0 3 1 4 0 1 0 1 4 3 3 4
 1 15 1 2 2 2 0 1 0 1 4 1 3 2
 1 15 1 3 1 4 0 0 0 1 4 4 2 12
 0 16 0 3 1 4 0 0 0 1 4 3 2 0
 0 15 0 4 2 4 0 0 0 1 3 3 3 0
 1 15 1 1 1 2 2 1 0 1 3 3 4 2
 0 16 0 3 1 1 0 0 1 1 5 3 2 2
 1 16 0 3 3 2 0 1 1 1 4 3 3 54
 0 15 0 4 3 2 0 0 1 1 4 3 3 6
 0 15 0 4 0 4 0 0 1 1 3 4 3 8
 1 16 0 2 2 4 0 0 0 1 5 2 3 0
 0 17 0 2 1 1 3 1 1 0 4 5 1 2
 1 16 0 3 4 2 0 0 0 1 2 4 3 12
 0 15 0 2 3 1 0 1 1 1 3 2 2 2
 0 15 0 2 3 3 0 1 0 1 5 3 2 4
 1 15 0 3 2 2 0 0 0 1 4 4 4 10
 0 15 0 2 2 2 0 0 1 1 5 3 3 4
 1 15 0 1 1 2 0 0 1 1 4 3 2 2
 1 15 0 4 4 2 2 0 0 1 4 4 4 6
 1 16 0 2 2 2 0 0 0 1 4 3 4 4
 1 15 0 4 2 3 0 0 1 1 5 3 3 4
 0 16 0 2 2 2 1 0 1 1 4 4 2 12
 0 16 0 4 4 2 0 0 0 1 4 1 3 18
 1 16 0 3 3 3 0 0 0 1 4 3 3 0
 1 15 0 4 3 1 0 0 1 1 4 5 5 4
 1 16 0 3 1 2 0 1 0 1 3 3 3 4
 1 16 0 4 2 2 0 0 1 1 5 3 3 0
 0 15 0 2 2 4 0 0 1 1 4 3 4 6
 1 15 1 1 1 4 1 1 1 1 3 1 2 2
 0 16 1 4 3 1 0 1 1 1 3 3 3 2
 1 16 0 2 1 2 0 0 0 1 4 3 5 2
 1 16 0 4 4 1 0 0 1 1 5 3 4 6
 1 16 0 4 3 3 0 1 0 1 5 3 5 0
 0 16 0 4 4 1 0 1 1 1 4 5 5 14
 0 16 0 4 4 3 0 0 1 1 4 4 3 0
 0 15 0 4 4 1 0 0 1 1 5 3 3 4
 1 15 0 3 2 2 0 1 0 1 4 3 5 26
 0 15 0 3 4 2 0 0 1 1 5 4 4 0
 1 15 0 3 3 4 0 1 0 1 4 3 3 10
 1 15 0 2 2 4 0 1 0 1 5 1 2 8
 0 16 0 3 3 3 0 0 1 1 5 3 3 2
 0 15 1 4 4 4 0 0 1 1 1 3 5 6
 1 16 0 4 4 3 0 0 1 1 5 4 5 4
 0 15 0 4 4 1 0 0 1 1 5 5 3 6
 1 16 1 3 3 3 1 1 1 1 4 1 2 0
 1 16 0 2 2 2 1 1 1 1 3 1 2 6
 0 15 0 4 2 1 0 0 0 1 3 5 2 10
 0 15 1 2 1 2 0 0 1 1 5 4 2 8
 0 16 0 4 4 2 0 0 1 1 5 4 4 2
 0 15 0 4 4 2 0 0 1 1 4 4 3 2
 0 16 0 3 3 1 0 0 1 1 5 4 2 0
 0 17 1 1 3 2 1 0 1 1 5 2 4 20
 0 15 0 3 4 1 0 0 0 1 3 4 3 6
 1 15 0 1 2 2 0 0 0 1 3 2 3 2
 0 15 0 2 2 4 0 0 1 1 5 5 4 6
 1 16 0 2 4 2 0 0 1 1 4 2 2 2
 0 16 0 4 4 1 0 0 1 1 3 4 4 18
 1 16 0 2 2 2 0 0 0 1 5 4 4 0
 0 15 0 3 4 1 0 1 0 1 5 5 5 0
 1 15 0 3 4 2 0 1 1 1 5 3 2 0
 1 19 0 0 1 2 3 0 0 0 3 4 2 2
 0 18 1 2 2 1 2 0 1 1 3 3 3 0
 0 16 1 4 4 1 0 0 1 1 3 5 5 8
 1 15 1 3 4 3 2 0 0 1 4 2 2 0
 1 15 0 1 1 1 0 0 1 1 4 3 3 0
 1 17 0 2 2 1 0 0 0 1 3 4 4 12
 1 16 0 3 4 1 0 0 0 1 3 2 1 16
 0 15 1 3 4 2 0 0 0 1 5 3 3 0
 1 15 0 4 4 3 0 0 1 1 4 3 3 0
 0 17 1 3 4 2 0 0 0 1 5 4 5 0
 1 16 0 3 3 1 2 0 1 1 4 3 2 0
 0 16 0 1 1 2 1 0 0 1 4 4 4 0
 1 15 0 4 4 1 0 0 1 1 4 3 2 0
 0 15 0 4 3 4 0 1 0 1 2 2 2 0
 0 16 0 2 2 1 2 0 1 1 2 3 3 8
 1 15 0 4 4 3 0 0 1 1 4 2 2 2
 1 16 0 1 1 1 0 0 0 1 3 4 4 2
 0 17 0 2 1 1 3 0 0 1 5 4 5 0
 1 15 0 1 1 2 0 0 0 1 4 4 2 0
 1 15 0 3 2 2 3 0 0 1 3 3 2 0
 1 15 0 1 2 2 0 0 0 1 4 3 2 2
 0 16 0 4 4 1 0 0 0 0 3 3 2 0
 0 15 0 2 1 1 3 0 0 1 4 5 5 0
 0 18 0 1 1 1 3 0 0 0 2 3 5 0
 0 16 0 2 1 1 1 0 1 1 4 4 4 6
 1 15 1 3 3 3 2 0 1 1 4 2 1 8
 0 19 0 3 2 1 3 0 0 0 4 5 4 0
 1 17 0 4 4 1 0 1 0 1 4 2 1 0
 0 15 1 2 3 2 0 1 1 1 4 4 4 2
 0 17 1 1 2 1 0 0 0 1 2 2 2 8
 1 18 1 1 1 1 3 0 1 1 5 2 5 6
 0 16 1 2 2 1 0 0 0 1 4 2 2 2
 0 16 0 3 3 2 1 0 0 1 4 5 5 4
 0 17 1 2 1 1 2 0 1 0 3 3 2 0
 0 15 1 3 2 2 2 1 0 1 4 4 4 6
 0 16 0 1 2 1 1 0 1 1 4 4 4 0
 0 17 0 1 3 1 0 0 0 0 5 3 3 2
 0 17 1 1 1 2 3 0 1 0 5 3 5 0
 0 16 0 3 2 1 1 0 1 0 4 5 2 16
 0 16 0 2 2 2 0 0 0 0 4 3 5 4
 1 16 0 4 2 2 0 0 0 1 4 2 3 0
 1 16 0 2 2 2 0 0 0 1 5 1 5 0
 1 16 0 4 4 2 0 0 0 1 4 4 2 0
 0 16 0 3 4 1 2 0 1 1 3 4 5 0
 0 16 0 1 0 2 0 0 1 1 4 3 2 2
 0 17 0 4 4 2 0 0 1 1 4 4 4 0
 1 16 0 1 3 2 3 0 1 1 4 3 5 0
 1 16 0 3 3 2 0 0 1 1 4 4 5 4
 0 17 0 4 3 2 0 0 1 1 4 4 4 4
 1 16 0 2 2 2 0 0 1 1 3 4 4 2
 0 17 0 3 3 2 0 0 1 1 4 3 4 4
 0 16 1 4 2 1 0 0 1 1 4 3 3 10
 0 17 0 4 3 2 0 0 1 1 5 2 3 4
 0 16 0 4 3 2 0 0 1 1 3 4 3 10
 0 16 0 3 3 2 0 0 1 1 4 2 3 2
 1 17 0 2 4 2 0 0 1 1 5 4 2 0
 1 17 0 3 3 2 0 0 1 1 5 3 3 56
 1 16 0 3 2 2 0 0 0 1 1 2 2 14
 0 17 0 3 3 2 0 0 1 1 4 3 4 12
 0 16 0 1 2 1 0 0 1 1 3 3 3 2
 0 16 0 2 1 2 0 0 1 1 4 2 3 0
 1 17 0 3 3 2 0 0 0 1 3 3 3 6
 0 17 1 1 2 2 0 0 0 1 3 1 3 4
 1 16 0 2 3 2 0 0 0 1 4 3 3 10
 1 17 0 1 1 2 0 0 1 1 5 3 3 0
 0 17 0 1 2 2 0 0 1 1 4 4 4 12
 0 16 1 3 3 1 0 0 1 1 4 3 2 8
 0 16 0 2 3 1 0 0 0 1 5 3 3 0
 1 17 0 2 4 2 0 0 1 1 4 3 2 0
 0 17 0 4 4 1 0 0 0 1 5 2 3 4
 0 16 1 3 3 1 0 0 1 1 3 3 4 8
 1 17 0 4 4 1 1 0 0 1 4 2 4 24
 1 16 0 4 4 2 0 0 0 1 4 5 2 0
 1 16 0 4 3 2 0 0 1 1 4 3 5 2
 1 16 0 2 3 2 0 1 1 1 4 4 3 6
 1 17 0 1 1 2 0 0 0 1 4 4 4 4
 1 17 1 2 2 1 0 0 0 1 5 3 2 18
 1 16 1 2 2 4 0 0 1 1 5 3 5 6
 1 17 0 3 4 3 1 0 0 1 4 4 3 28
 1 16 0 3 1 2 3 0 0 1 2 3 3 5
 1 16 0 4 3 2 0 0 1 1 1 3 2 10
 1 16 0 1 1 1 0 0 0 1 4 3 2 6
 1 17 1 4 3 3 0 0 1 1 4 4 2 6
 1 19 0 3 3 4 0 0 1 1 4 3 3 10
 0 17 0 4 4 2 0 0 0 1 5 3 5 13
 1 16 0 2 2 2 0 1 0 1 3 3 4 0
 0 18 0 2 2 2 1 0 1 1 4 4 4 15
 1 17 1 4 4 1 0 0 0 1 5 2 1 12
 1 17 0 3 2 2 0 0 0 1 4 4 4 2
 1 17 0 4 3 2 2 0 0 1 3 4 5 22
 0 18 0 3 3 2 1 0 0 1 3 2 4 13
 1 17 0 2 3 1 0 0 0 1 3 3 3 3
 1 17 0 2 2 3 0 0 1 1 4 3 3 4
 1 17 1 2 1 2 0 0 1 1 4 2 5 2
 1 17 0 1 1 3 1 0 1 1 4 3 4 0
 1 16 0 2 3 2 0 1 0 1 2 3 1 2
 0 18 0 2 2 2 0 0 0 1 3 3 3 0
 1 16 0 4 4 3 0 0 1 1 5 3 2 0
 1 18 1 3 1 2 1 0 1 1 5 3 3 16
 1 17 0 3 2 2 0 0 1 1 5 3 4 10
 0 17 0 2 3 2 0 0 0 1 5 3 3 2
 0 18 0 2 1 2 0 1 1 1 4 3 2 14
 1 17 0 2 1 3 0 0 1 1 3 2 3 10
 1 17 0 4 3 2 0 0 1 1 3 2 3 14
 0 17 1 2 2 2 0 0 1 1 4 5 2 4
 0 17 0 4 4 2 0 1 1 1 4 5 5 14
 0 16 0 4 4 2 0 0 1 1 4 2 4 2
 0 16 0 1 1 2 0 0 0 1 3 4 2 18
 0 16 0 3 2 3 0 0 1 1 5 3 3 10
 0 17 0 2 2 2 0 0 1 1 4 4 2 4
 1 16 0 2 1 1 0 0 0 1 4 5 2 20
 1 17 1 2 1 2 0 0 1 1 2 1 1 2
 0 18 0 2 2 2 1 0 0 0 5 5 4 0
 0 17 0 4 3 2 0 0 1 1 2 5 5 14
 0 17 1 4 4 2 0 0 0 1 3 3 3 2
 0 16 0 4 3 1 0 0 1 1 5 4 5 0
 0 16 0 4 4 1 0 0 1 1 5 3 2 0
 1 18 0 2 1 3 0 0 0 1 4 4 4 0
 0 16 0 2 1 1 0 0 0 1 4 3 3 6
 0 17 0 2 3 1 0 0 0 1 5 2 2 4
 0 22 0 3 1 1 3 0 0 0 5 4 5 16
 0 18 1 3 3 2 1 0 0 1 4 3 3 8
 0 16 0 0 2 1 0 0 0 1 4 3 2 0
 0 18 0 3 2 1 1 0 0 0 4 4 5 0
 0 16 0 3 3 2 0 1 0 1 5 3 3 6
 0 18 0 2 1 1 1 0 0 0 3 2 5 4
 0 16 1 2 1 1 0 0 1 1 3 3 2 0
 0 17 1 2 1 1 0 0 0 1 4 4 2 0
 0 17 0 1 1 1 1 0 1 1 4 4 4 2
 1 17 0 4 2 4 0 0 1 1 4 2 3 6
 0 19 0 4 3 2 0 0 0 1 4 3 1 12
 0 18 0 2 1 2 0 0 1 1 5 2 4 8
 1 17 0 2 2 4 0 0 1 1 3 4 1 0
 1 18 0 4 3 2 0 0 0 1 3 1 2 21
 0 18 0 4 3 2 0 0 0 1 4 3 2 2
 0 18 1 3 2 3 0 0 1 1 5 3 2 1
 1 17 0 3 3 3 0 0 1 1 3 2 3 4
 1 18 0 2 2 3 0 0 1 1 4 3 3 0
 0 18 1 3 4 2 0 0 1 1 4 2 5 13
 0 17 0 3 1 2 0 0 1 1 5 4 4 2
 1 18 1 4 4 2 0 0 1 1 4 3 4 8
 0 18 0 4 2 2 0 0 1 1 5 4 5 10
 1 18 1 2 1 2 0 0 0 0 4 3 5 0
 1 19 0 3 3 2 2 0 1 1 4 3 5 15
 1 18 0 2 3 4 0 0 1 1 4 5 5 4
 1 18 0 1 1 2 0 0 0 1 4 4 3 2
 0 17 1 1 2 2 0 0 1 1 3 5 2 2
 1 17 0 2 4 2 0 0 0 1 4 3 3 2
 1 17 0 2 2 2 0 1 0 1 4 4 4 6
 1 18 1 3 2 2 0 0 0 0 4 1 1 75
 0 18 0 4 4 1 0 0 1 1 3 2 4 22
 1 18 0 4 4 2 1 1 1 1 2 4 4 15
 0 18 0 4 3 1 0 0 1 1 4 2 3 8
 0 17 0 4 1 1 0 0 1 1 4 5 4 30
 0 17 0 3 2 1 1 0 0 1 4 4 4 19
 1 18 1 1 1 4 0 0 1 1 5 2 2 1
 1 18 0 1 1 2 0 1 1 1 5 4 4 4
 1 17 0 2 2 2 0 0 0 1 5 4 5 4
 0 17 0 1 1 2 0 0 0 1 4 3 3 2
 1 18 0 2 2 3 0 0 0 1 4 3 3 5
 1 17 0 1 1 3 0 0 0 1 4 3 3 6
 0 18 0 2 1 3 0 0 1 1 4 2 4 6
 0 18 0 4 4 2 0 0 1 1 5 4 3 9
 0 18 0 4 2 2 0 0 1 1 4 3 2 11
 1 17 0 4 3 3 0 0 0 1 4 2 2 0
 1 18 0 2 1 2 1 0 0 1 5 4 3 12
 1 17 1 3 1 4 0 0 0 1 3 1 2 6
 0 18 1 3 2 3 0 0 1 1 5 4 2 8
 0 17 0 3 3 1 0 0 0 1 4 4 3 4
 1 19 0 4 4 2 0 0 1 1 2 3 4 0
 1 18 0 4 3 2 0 0 0 1 4 4 5 10
 1 18 0 4 3 4 0 0 0 1 4 3 3 0
 0 18 0 4 4 1 0 0 0 1 1 4 2 5
 1 18 0 4 4 2 0 0 0 1 4 2 4 14
 0 17 0 4 4 1 0 0 0 1 4 1 1 0
 1 17 0 4 2 3 0 0 0 1 4 3 3 0
 1 17 0 3 2 4 0 0 1 1 5 2 2 0
 0 19 0 3 3 2 1 0 1 1 4 4 4 20
 1 18 0 2 4 2 1 0 1 1 4 4 3 8
 0 20 0 3 2 1 0 0 1 1 5 5 3 0
 0 19 0 4 4 1 1 0 0 1 4 3 4 38
 0 19 1 3 3 2 1 0 1 1 4 5 3 0
 1 19 0 1 1 2 1 1 1 1 4 4 3 18
 1 19 0 1 2 2 1 0 1 1 4 2 4 0
 1 19 0 2 1 2 0 0 0 0 3 4 1 20
 0 19 0 1 2 2 1 0 0 1 4 5 2 3
 1 19 0 3 2 2 1 0 0 1 4 2 2 22
 1 19 0 1 1 3 2 0 0 1 4 1 2 14
 1 19 1 2 3 3 1 0 0 1 4 1 2 40
 1 18 0 2 1 2 0 0 1 1 5 3 3 0
 1 18 0 4 3 3 0 0 1 1 4 3 4 9
 1 17 1 3 4 3 0 0 1 1 4 3 4 0
 1 18 0 4 4 2 0 0 0 1 4 4 4 2
 1 17 0 4 3 2 0 0 0 1 5 2 2 23
 1 17 0 2 2 2 0 0 0 1 4 2 2 12
 1 17 1 2 2 3 0 0 1 1 3 3 2 3
 1 17 0 3 1 3 0 0 0 1 3 4 3 1
 1 17 0 0 2 3 0 0 0 1 3 3 3 0
 0 18 0 4 4 3 0 0 1 1 4 3 3 3
 0 17 0 3 3 1 0 0 1 1 4 3 5 3
 0 17 1 2 2 1 0 0 0 1 4 4 5 8
 1 17 0 4 4 3 0 0 1 1 5 4 4 7
 1 17 0 4 4 3 0 0 0 1 4 3 3 4
 0 18 0 2 2 4 0 0 1 1 4 5 5 2
 1 17 1 2 4 3 0 0 0 1 4 4 3 7
 1 18 0 3 3 2 0 0 1 1 5 3 4 0
 1 18 0 2 2 2 0 0 1 1 4 3 3 0
 1 18 1 2 2 4 0 0 1 1 4 4 4 0
 1 17 0 3 4 3 0 0 0 1 4 4 5 16
 1 19 1 3 1 3 1 0 0 1 5 4 3 12
 1 17 0 3 2 2 0 0 0 1 4 3 2 0
 1 18 0 3 3 4 0 0 0 1 5 3 3 7
 1 17 1 3 2 2 0 0 0 1 4 3 3 4
 1 19 0 2 1 3 1 0 1 1 4 3 4 4
 0 18 0 4 4 2 1 0 1 1 4 3 3 0
 0 18 0 3 4 2 0 0 1 1 4 3 3 11
 1 17 0 2 2 2 1 0 0 1 3 3 1 0
 1 18 0 2 3 3 0 0 0 1 4 3 3 4
 1 18 0 3 2 3 0 0 0 1 5 4 3 7
 0 18 1 4 3 3 0 0 0 1 5 3 2 9
 0 18 0 4 3 3 0 0 0 1 5 4 5 0
 1 17 0 4 3 3 0 0 1 1 4 4 3 0


